2 3.817000033450313e-05 
5 3.4160000723204575e-05 
10 6.491000021924265e-05 
12 5.735999948228709e-05 
15 9.999000030802563e-05 
20 9.783000023162458e-05 
30 0.00014311999984784052 
40 0.00019372000060684512 
45 0.00017967999992833937 
50 0.0002253099995868979 
55 0.0002506000004359521 
60 0.00022286999992502388 
75 0.00019565000038710423 
100 0.0002747400005318923 
125 0.00043485000023792966 
160 0.0007056600003124913 
200 0.0022175800000695744 
250 0.004924250000112806 
500 0.017829540000093402 
600 0.0248135399990133 
800 0.056232310000632425 
1000 0.09607063000003109 
2000 0.5635533299999225 
5000 16.253671480000413 
10000 130.89958322999956 
