2 2.2029999308870173e-05 
5 1.7810000281315296e-05 
10 2.4059999486780725e-05 
12 2.9579999682027848e-05 
15 5.2569999388651924e-05 
20 5.316999959177337e-05 
30 7.21100004739128e-05 
40 9.416000029887073e-05 
45 9.273000068787951e-05 
50 0.00011675999958242756 
55 0.00013335000003280583 
60 0.00010903000038524624 
75 8.99299997399794e-05 
100 0.00014068999917071778 
125 0.0001931000006152317 
160 0.00030287999979918825 
200 0.0008179799999197713 
250 0.002153179999368149 
500 0.006961880000380916 
600 0.007774749999953201 
800 0.016909009999289994 
1000 0.029854380000324456 
2000 0.1709822799995891 
5000 3.662882620000164 
10000 33.671654550000675 
