2 8.491999469697475e-05 
5 7.20400013960898e-05 
10 0.00019233999773859978 
12 0.0002150599961169064 
15 8.13799910247326e-05 
20 8.32200050354004e-05 
30 0.002343820012174547 
40 0.0001101599889807403 
45 0.00011306002270430326 
50 7.900000782683492e-05 
55 0.00014103999128565193 
60 0.00013818000443279743 
75 0.00014121999265626073 
100 0.00025252001360058783 
125 0.00032979999668896197 
160 0.00038345998618751766 
200 0.0007317600073292851 
250 0.0010789799969643354 
500 0.00543053998844698 
600 0.010124360013287514 
800 0.016927280009258538 
1000 0.02718606000998989 
2000 0.11599052000092343 
5000 1.3076934200013057 
10000 8.340154219989198 
