2 5.9479998890310525e-05 
5 6.292001344263554e-05 
10 0.00010267999023199082 
12 0.000123440008610487 
15 7.285999599844217e-05 
20 8.062000852078199e-05 
30 0.0001397400163114071 
40 0.00020292000845074655 
45 0.00019520000787451864 
50 0.00022404000628739595 
55 0.00022911998676136136 
60 0.00025232000043615697 
75 0.00030794001650065185 
100 0.000522559997625649 
125 0.0007242599851451815 
160 0.0010345000075176359 
200 0.0018240800010971725 
250 0.002999780001118779 
500 0.021495699998922646 
600 0.04347520000301301 
800 0.06670521998312325 
1000 0.08850456000072882 
2000 0.5589731799904257 
5000 6.49780423999764 
10000 56.55135114000878 
