2 7.544000400230288e-05 
5 0.00011151999933645129 
10 0.0001143400208093226 
12 0.00011068001622334122 
15 7.288000779226422e-05 
20 8.122001308947801e-05 
30 0.00012711999006569384 
40 0.00015913998940959574 
45 0.00017113999929279088 
50 0.00015239999629557133 
55 0.00021304000401869416 
60 0.0002035799901932478 
75 0.00023466000566259028 
100 0.00041111999889835714 
125 0.0005469000083394348 
160 0.0006808200152590871 
200 0.0011912800022400916 
250 0.0016158599988557397 
500 0.009321720001753419 
600 0.014530800003558397 
800 0.022644460014998914 
1000 0.03110235999338329 
2000 0.18693097999785097 
5000 1.8432289400021546 
10000 12.258106280001812 
