2 9.862001752480865e-05 
5 0.00010509999701753258 
10 0.00022298000985756516 
12 0.00022986001567915082 
15 9.60600096732378e-05 
20 0.00010071999859064817 
30 9.194000158458948e-05 
40 0.00014723999192938207 
45 0.00012296000495553016 
50 9.354001376777887e-05 
55 0.00014993997756391765 
60 0.00014298000605776905 
75 0.00015706000849604606 
100 0.00024851998314261435 
125 0.00036627998342737557 
160 0.00041376001900061965 
200 0.0008329599862918257 
250 0.0011133600026369094 
500 0.0054201599908992645 
600 0.01014881997834891 
800 0.01595392000162974 
1000 0.022879239986650646 
2000 0.14321200001286344 
5000 1.3305328399990686 
10000 8.271363300003577 
