2 3.214000025764108e-05 
5 4.298001294955611e-05 
10 4.983999533578753e-05 
12 4.729999927803874e-05 
15 2.9780028853565454e-05 
20 3.6980025470256805e-05 
30 6.220000796020031e-05 
40 8.207998471334576e-05 
45 8.133999072015285e-05 
50 8.44400143250823e-05 
55 0.00010659999679774046 
60 0.00011462001129984856 
75 0.00011897999793291092 
100 0.00022731999633833765 
125 0.00031159999780356885 
160 0.0004319800063967705 
200 0.0006546400138176978 
250 0.0011923399986699223 
500 0.007996419991832227 
600 0.011794900009408592 
800 0.02054198000114411 
1000 0.02854088000021875 
2000 0.16358556000050156 
5000 2.2528096799738706 
10000 13.658149820019025 
