2 0.00010683999862521887 
5 0.00015322001418098806 
10 0.00013695998350158334 
12 0.00013226001756265758 
15 0.00010413998970761895 
20 0.00011401999508962036 
30 0.0026372999884188173 
40 0.00021440000273287296 
45 0.00020521997939795255 
50 0.00019146000267937778 
55 0.000281960004940629 
60 0.0002423000056296587 
75 0.00027415999211370944 
100 0.00045564000029116867 
125 0.0005863600061275065 
160 0.0006919000064954161 
200 0.0012335399747826158 
250 0.0017805200186558068 
500 0.009407879970967769 
600 0.014931679982692004 
800 0.024383600009605287 
1000 0.03151382000651211 
2000 0.19947505999589338 
5000 1.9720696200034582 
10000 12.30270548001863 
